yaml_template: experiments/jobman/models/conv_3relu_l1reg.yaml
extract_results: genretron.jobman_utils.results_extractor
hyper_parameters:
    learning_rate: 0.01
    h0_output_channels: 64
    h0_kernel_shape_x: 513
    h0_kernel_shape_y: 32
    h0_pool_shape_x: 1
    h0_pool_shape_y: 4
    h0_pool_stride_x: 1
    h0_pool_stride_y: 2
    h1_kernel_shape_x: 1
    h1_kernel_shape_y: 4
    h1_pool_shape_x: 1
    h1_pool_shape_y: 4
    h1_pool_stride_x: 1
    h1_pool_stride_y: 2
    h1_output_channels: 32
    h2_kernel_shape_x: 1
    h2_kernel_shape_y: 4
    h2_pool_shape_x: 1
    h2_pool_shape_y: 4
    h2_pool_stride_x: 1
    h2_pool_stride_y: 2
    h2_output_channels: 64
    # [math.exp(i/4.)/10 for i in xrange(1,20)]
    l1_weight_decay: [0.12840254166877413, 0.1648721270700128, 0.21170000166126748, 0.2718281828459045, 0.34903429574618416, 0.44816890703380646, 0.5754602676005731, 0.7389056098930651, 0.9487735836358526, 1.2182493960703473, 1.5642631884188172, 2.008553692318767, 2.579033991719306, 3.3115451958692312, 4.252108200006278, 5.459815003314423, 7.010541234668786, 9.001713130052181, 11.558428452718767]
